Type,Measurement Order,Package Order,Row,Cookie Number,Total Mass,Wafer Mass,Crème Mass
Regular,1,1,1,1,12.849,8.488,4.361
Regular,2,2,1,2,11.764,8.56,3.204
Regular,3,3,1,3,11.723,8.667,3.056
Regular,4,4,1,4,11.579,8.563,3.016
Regular,5,5,1,5,12.69,8.631,4.059
Regular,6,6,1,6,12.614,8.601,4.013
Regular,7,7,1,7,12.666,8.645,4.021
Regular,8,8,1,8,12.634,8.712,3.922
Regular,9,9,1,9,11.747,8.53,3.217
Regular,10,10,1,10,11.36,8.612,2.748
Regular,11,11,1,11,11.625,8.442,3.183
Regular,12,12,1,12,12.596,8.66,3.936
Regular,13,13,2,1,11.458,8.479,2.979
Regular,14,14,2,2,12.613,8.646,3.967
Regular,15,15,2,3,11.639,8.781,2.858
Regular,16,16,2,4,11.454,8.558,2.896
Regular,17,17,2,5,11.698,8.543,3.155
Regular,18,18,2,6,11.358,8.63,2.728
Regular,19,19,2,7,12.148,8.662,3.486
Regular,20,20,2,8,12.764,8.729,4.035
Regular,21,21,2,9,12.605,8.534,4.071
Regular,22,22,2,10,11.259,8.638,2.621
Regular,23,23,2,11,12.229,8.641,3.588
Regular,24,24,2,12,12.391,8.43,3.961
Regular,25,25,3,1,11.279,8.606,2.673
Regular,26,26,3,2,11.551,8.444,3.107
Regular,27,27,3,3,11.177,8.522,2.655
Regular,28,28,3,4,11.742,8.611,3.131
Regular,29,29,3,5,11.392,8.588,2.804
Regular,30,30,3,6,11.1,8.563,2.537
Regular,31,31,3,7,11.658,8.672,2.986
Regular,32,32,3,8,12.954,8.71,4.244
Regular,33,33,3,9,11.309,8.613,2.696
Regular,34,34,3,10,12.714,8.686,4.028
Regular,35,35,3,11,11.211,8.599,2.612
Regular,36,36,3,12,10.86,8.646,2.214
Double,37,1,1,1,14.996,8.395,6.601
Double,38,2,1,2,15.196,8.797,6.399
Double,39,3,1,3,15.044,8.635,6.409
Double,40,4,1,4,14.999,8.636,6.363
Double,41,5,1,5,14.699,8.531,6.168
Double,42,6,1,6,15.137,8.525,6.612
Double,43,7,1,7,15.253,8.649,6.604
Double,44,8,1,8,14.246,8.456,5.79
Double,45,9,1,9,15.363,8.621,6.742
Double,46,10,1,10,15.396,8.699,6.697
Double,47,11,2,1,14.362,8.53,5.832
Double,48,12,2,2,15.079,8.653,6.426
Double,49,13,2,3,15.029,8.633,6.396
Double,50,14,2,4,15.085,8.634,6.451
Double,51,15,2,5,14.727,8.699,6.028
Double,52,16,2,6,15.24,8.763,6.477
Double,53,17,2,7,15.194,8.598,6.596
Double,54,18,2,8,15.665,8.719,6.946
Double,55,19,2,9,14.874,8.638,6.236
Double,56,20,2,10,15.006,8.538,6.468
Double,57,21,3,1,15.047,8.555,6.492
Double,58,22,3,2,15.205,8.64,6.565
Double,59,23,3,3,15.152,8.563,6.589
Double,60,24,3,4,15.113,8.692,6.421
Double,61,25,3,5,15.618,8.718,6.9
Double,62,26,3,6,14.806,8.659,6.147
Double,63,27,3,7,15.15,8.719,6.431
Double,64,28,3,8,15.23,8.619,6.611
Double,65,29,3,9,15.132,8.694,6.438
Double,66,30,3,10,14.992,8.612,6.38
Mega,67,1,1,1,18.608,8.655,9.953
Mega,68,2,1,2,18.381,8.572,9.809
Mega,69,3,1,3,17.531,8.567,8.964
Mega,70,4,1,4,18.056,8.441,9.615
Mega,71,5,1,5,17.83,8.48,9.35
Mega,72,6,1,6,17.058,8.526,8.532
Mega,73,7,1,7,17.831,8.476,9.355
Mega,74,8,2,1,18.054,8.497,9.557
Mega,75,9,2,2,17.181,8.515,8.666
Mega,76,10,2,3,17.873,8.514,9.359
Mega,77,11,2,4,17.792,8.419,9.373
Mega,78,12,2,5,17.994,8.614,9.38
Mega,79,13,2,6,18.382,8.542,9.84
Mega,80,14,2,7,18.528,8.685,9.843
Mega,81,15,3,1,18.274,8.5,9.774
Mega,82,16,3,2,18.838,8.598,10.24
Mega,83,17,3,3,18.742,8.617,10.125
Mega,84,18,3,4,18.159,9.54,8.619
Mega,85,19,3,5,18.448,8.625,9.823
Mega,86,20,3,6,18.268,8.581,9.687
Mega,87,21,3,7,17.776,8.507,9.269
Thins,88,1,1,1,7.432,5.418,2.014
Thins,89,2,1,2,7.257,5.255,2.002
Thins,90,3,1,3,7.664,5.255,2.409
Thins,91,4,1,4,7.302,5.324,1.978
Thins,92,5,1,5,7.503,5.397,2.106
Thins,93,6,1,6,7.193,5.205,1.988
Thins,94,7,1,7,7.529,5.455,2.074
Thins,95,8,1,8,7.368,5.375,1.993
Thins,96,9,1,9,7.296,5.37,1.926
Thins,97,10,1,10,7.272,5.482,1.79
Thins,98,11,1,11,7.43,5.19,2.24
Thins,99,12,1,12,7.211,5.432,1.779
Thins,100,13,1,13,7.337,5.365,1.972
Thins,101,14,1,14,7.253,5.308,1.945
Thins,102,15,1,15,7.828,5.388,2.44
Thins,103,16,1,16,7.196,5.32,1.876
Thins,104,17,1,17,7.361,5.349,2.012
Thins,105,18,1,18,7.396,5.293,2.103
Thins,106,19,1,19,7.457,5.374,2.083
Thins,107,20,1,20,7.413,5.187,2.226
Thins,108,21,2,1,7.203,5.241,1.962
Thins,109,22,2,2,7.112,5.019,2.093
Thins,110,23,2,3,7.146,5.193,1.953
Thins,111,24,2,4,7.682,5.293,2.389
Thins,112,25,2,5,7.173,5.262,1.911
Thins,113,26,2,6,7.273,5.215,2.058
Thins,114,27,2,7,7.444,5.436,2.008
Thins,115,28,2,8,7.346,5.431,1.915
Thins,116,29,2,9,7.233,5.267,1.966
Thins,117,30,2,10,7.216,5.234,1.982
Thins,118,31,2,11,7.46,5.287,2.173
Thins,119,32,2,12,7.493,5.303,2.19
Thins,120,33,2,13,7.212,5.366,1.846
Thins,121,34,2,14,7.457,5.435,2.022
Thins,122,35,2,15,7.28,5.518,1.762
Thins,123,36,2,16,7.208,5.316,1.892
Thins,124,37,2,17,7.171,5.369,1.802
Thins,125,38,2,18,7.065,5.172,1.893
Thins,126,39,2,19,7.219,5.223,1.996
Thins,127,40,2,20,7.068,5.159,1.909
Most,128,1,1,1,22.5,8.62,13.88
Most,129,2,1,2,22.63,8.56,14.07
Most,130,3,1,3,22.45,8.55,13.9
Most,131,4,1,4,21.82,8.52,13.3
Most,132,5,1,5,22.66,8.64,14.02
Most,133,6,1,6,22.19,8.62,13.57
Most,134,7,1,7,22.59,8.64,13.95
Most,135,8,2,1,22.45,8.62,13.83
Most,136,9,2,2,22.7,8.57,14.13
Most,137,10,2,3,21.9,8.55,13.35
Most,138,11,2,4,22.9,8.56,14.34
Most,139,12,2,5,22.68,8.53,14.15
Most,140,13,2,6,22.54,8.55,13.99
Most,141,14,2,7,23.13,8.54,14.59
Most,142,15,3,1,21.84,8.58,13.26
Most,143,16,3,2,22.67,8.58,14.09
Most,144,17,3,3,22.74,8.53,14.21
Most,145,18,3,4,22.12,8.56,13.56
Most,146,19,3,5,23.09,8.56,14.53
Most,147,20,3,6,22.19,8.58,13.61
Lemon,148,1,1,1,15.38,7.95,7.43
Lemon,149,2,1,2,15.27,8,7.27
Lemon,150,3,1,3,15.14,7.9,7.24
Lemon,151,4,1,4,15.16,7.97,7.19
Lemon,152,5,1,5,15.13,7.94,7.19
Lemon,153,6,1,6,15.31,8.03,7.28
Lemon,154,7,1,7,15.09,7.98,7.11
Lemon,155,8,1,8,15.21,7.95,7.26
Lemon,156,9,1,9,15.02,7.92,7.1
Lemon,157,10,1,10,15.26,7.98,7.28
Lemon,158,11,2,1,15.36,8.18,7.18
Lemon,159,12,2,2,15.72,8.21,7.51
Lemon,160,13,2,3,15.61,8.13,7.48
Lemon,161,14,2,4,15.57,8.08,7.49
Lemon,162,15,2,5,15.64,8.15,7.49
Lemon,163,16,2,6,15.65,8.17,7.48
Lemon,164,17,2,7,15.65,8.15,7.5
Lemon,165,18,2,8,15.63,8.29,7.34
Lemon,166,19,2,9,15.72,8.17,7.55
Lemon,167,20,2,10,15.7,8.21,7.49
Lemon,168,21,3,1,15.47,7.99,7.48
Lemon,169,22,3,2,15.22,8.01,7.21
Lemon,170,23,3,3,15.54,8.32,7.22
Lemon,171,24,3,4,15.45,8.43,7.02
Lemon,172,25,3,5,15.45,8.05,7.4
Lemon,173,26,3,6,15.38,8.11,7.27
Lemon,174,27,3,7,15.59,8.18,7.41
Lemon,175,28,3,8,15.29,8.07,7.22
Lemon,176,29,3,9,15.07,8,7.07
Lemon,177,30,3,10,15.1,8.12,6.98
Lemon-Thin,178,1,1,1,7.42,4.84,2.58
Lemon-Thin,179,2,1,2,7.4,4.82,2.58
Lemon-Thin,180,3,1,3,7.46,4.8,2.66
Lemon-Thin,181,4,1,4,7.4,4.75,2.65
Lemon-Thin,182,5,1,5,7.43,4.82,2.61
Lemon-Thin,183,6,1,6,7.47,4.76,2.71
Lemon-Thin,184,7,1,7,7.44,4.82,2.62
Lemon-Thin,185,8,1,8,7.42,4.85,2.57
Lemon-Thin,186,9,1,9,7.47,4.75,2.72
Lemon-Thin,187,10,1,10,7.34,4.74,2.6
Lemon-Thin,188,11,1,11,7.4,4.77,2.63
Lemon-Thin,189,12,1,12,7.37,4.68,2.69
Lemon-Thin,190,13,1,13,7.38,4.73,2.65
Lemon-Thin,191,14,1,14,7.44,4.75,2.69
Lemon-Thin,192,15,1,15,7.49,4.8,2.69
Lemon-Thin,193,16,1,16,7.43,4.73,2.7
Lemon-Thin,194,17,1,17,7.38,4.76,2.62
Lemon-Thin,195,18,1,18,7.44,4.76,2.68
Lemon-Thin,196,19,1,19,7.44,4.75,2.69
Lemon-Thin,197,20,1,20,7.41,4.73,2.68
Lemon-Thin,198,21,1,21,7.47,4.83,2.64
Lemon-Thin,199,22,1,22,7.45,4.75,2.7
Lemon-Thin,200,23,1,23,7.37,4.71,2.66
Lemon-Thin,201,24,1,24,7.48,4.83,2.65
Lemon-Thin,202,25,1,25,7.49,4.71,2.78
Lemon-Thin,203,26,1,26,7.46,4.75,2.71
Lemon-Thin,204,27,2,1,7.52,4.92,2.6
Lemon-Thin,205,28,2,2,7.44,4.79,2.65
Lemon-Thin,206,29,2,3,7.47,4.75,2.72
Lemon-Thin,207,30,2,4,7.49,4.82,2.67
Lemon-Thin,208,31,2,5,7.48,4.82,2.66
Lemon-Thin,209,32,2,6,7.53,4.84,2.69
Lemon-Thin,210,33,2,7,7.46,4.78,2.68
Lemon-Thin,211,34,2,8,7.53,4.85,2.68
Lemon-Thin,212,35,2,9,7.52,4.83,2.69
Lemon-Thin,213,36,2,10,7.42,4.75,2.67
Lemon-Thin,214,37,2,11,7.42,4.78,2.64
Lemon-Thin,215,38,2,12,7.44,4.78,2.66
Lemon-Thin,216,39,2,13,7.45,4.71,2.74
Lemon-Thin,217,40,2,14,7.49,4.8,2.69
Lemon-Thin,218,41,2,15,7.54,4.81,2.73
Lemon-Thin,219,42,2,16,7.52,4.78,2.74
Lemon-Thin,220,43,2,17,7.42,4.72,2.7
Lemon-Thin,221,44,2,18,7.46,4.75,2.71
Lemon-Thin,222,45,2,19,7.52,4.79,2.73
Lemon-Thin,223,46,2,20,7.45,4.78,2.67
Lemon-Thin,224,47,2,21,7.49,4.8,2.69
Lemon-Thin,225,48,2,22,7.5,4.78,2.72
Lemon-Thin,226,49,2,23,7.45,4.73,2.72
Lemon-Thin,227,50,2,24,7.53,4.79,2.74
Lemon-Thin,228,51,2,25,7.5,4.78,2.72
Lemon-Thin,229,52,2,26,7.43,4.77,2.66
Mint-Thin,230,1,1,1,7.11,5.13,1.98
Mint-Thin,231,2,1,2,7.26,5.11,2.15
Mint-Thin,232,3,1,3,7.38,5.19,2.19
Mint-Thin,233,4,1,4,7.14,5.2,1.94
Mint-Thin,234,5,1,5,7.08,5.06,2.02
Mint-Thin,235,6,1,6,7.05,5.14,1.91
Mint-Thin,236,7,1,7,7.04,5.08,1.96
Mint-Thin,237,8,1,8,7.01,5.14,1.87
Mint-Thin,238,9,1,9,7.12,5.13,1.99
Mint-Thin,239,10,1,10,7.16,5.13,2.03
Mint-Thin,240,11,1,11,7.45,5.11,2.34
Mint-Thin,241,12,1,12,7.46,5.27,2.19
Mint-Thin,242,13,1,13,7.75,5.34,2.41
Mint-Thin,243,14,1,14,7.48,5.3,2.18
Mint-Thin,244,15,1,15,7.33,5.09,2.24
Mint-Thin,245,16,1,16,7.33,5.06,2.27
Mint-Thin,246,17,1,17,7.33,5.07,2.26
Mint-Thin,247,18,1,18,7.18,5.11,2.07
Mint-Thin,248,19,1,19,7.28,5.34,1.94
Mint-Thin,249,20,1,20,7.38,5.18,2.2
Mint-Thin,250,21,1,21,7.43,5.28,2.15
Mint-Thin,251,22,1,22,7.35,5.22,2.13
Mint-Thin,252,23,1,23,7.19,5.22,1.97
Mint-Thin,253,24,1,24,7.23,5.14,2.09
Mint-Thin,254,25,1,25,7.37,5.08,2.29
Mint-Thin,255,26,1,26,7.32,4.97,2.35
Mint-Thin,256,27,2,1,7.36,5.21,2.15
Mint-Thin,257,28,2,2,7.36,5.06,2.3
Mint-Thin,258,29,2,3,7.04,5,2.04
Mint-Thin,259,30,2,4,7.26,5.1,2.16
Mint-Thin,260,31,2,5,7.52,5.09,2.43
Mint-Thin,261,32,2,6,7.02,5.09,1.93
Mint-Thin,262,33,2,7,7.14,5.18,1.96
Mint-Thin,263,34,2,8,7,5.04,1.96
Mint-Thin,264,35,2,9,7.06,4.84,2.22
Mint-Thin,265,36,2,10,7.04,5.12,1.92
Mint-Thin,266,37,2,11,7.11,5.13,1.98
Mint-Thin,267,38,2,12,7.39,5.08,2.31
Mint-Thin,268,39,2,13,6.96,5.01,1.95
Mint-Thin,269,40,2,14,7.37,5.15,2.22
Mint-Thin,270,41,2,15,7.41,5.2,2.21
Mint-Thin,271,42,2,16,7.53,5.16,2.37
Mint-Thin,272,43,2,17,7.32,5.19,2.13
Mint-Thin,273,44,2,18,7.34,5.21,2.13
Mint-Thin,274,45,2,19,7.29,5.18,2.11
Mint-Thin,275,46,2,20,7.13,5.2,1.93
Mint-Thin,276,47,2,21,7.29,5.18,2.11
Mint-Thin,277,48,2,22,7.31,5.1,2.21
Mint-Thin,278,49,2,23,7.16,5.12,2.04
Mint-Thin,279,50,2,24,6.87,4.88,1.99
Mint-Thin,280,51,2,25,7.3,5.12,2.18
Mint-Thin,281,52,2,26,7.51,5.23,2.28
